Duration	Ch1	Ch2	Ch1+Ch2	Ch2+Ch3	Ch2+Ch6	Ch2+Ch4
0.113	3035.406	133060.857	701.161	461.524	17.751	26.626	NaN	NaN
0.111	2969.863	132041.917	665.969	413.981	26.999	44.998	NaN	NaN
0.119	3528.866	132833.599	825.367	547.437	42.111	25.266	NaN	NaN
0.114	2915.493	132813.011	623.494	509.333	43.908	8.782	NaN	NaN
0.114	3121.677	134861.702	734.512	437.210	34.977	43.721	NaN	NaN
0.117	3249.251	131680.188	726.806	547.242	42.753	34.203	NaN	NaN
0.120	2944.607	131495.129	652.498	401.537	25.096	8.365	NaN	NaN
0.114	3128.692	132331.435	742.846	471.926	26.218	26.218	NaN	NaN
0.117	3429.965	130450.145	797.467	471.620	17.150	42.875	NaN	NaN
0.113	2976.304	132472.113	637.779	558.057	17.716	17.716	NaN	NaN
0.118	3046.095	133296.446	672.183	502.010	8.509	42.543	NaN	NaN
0.121	3054.222	131496.651	685.136	470.515	41.273	16.509	NaN	NaN
0.116	2903.382	131608.478	603.076	448.000	25.846	17.231	NaN	NaN
0.117	3131.509	130644.502	699.683	494.898	34.131	8.533	NaN	NaN
0.114	3137.777	132197.440	690.486	489.458	26.221	26.221	NaN	NaN
0.119	3300.879	132910.899	757.855	488.395	8.421	25.262	NaN	NaN
0.118	2934.671	132535.182	602.201	441.049	16.963	33.927	NaN	NaN
0.115	2810.770	135282.441	609.145	469.912	26.106	8.702	NaN	NaN
0.116	3029.050	133648.228	679.815	456.079	17.211	43.026	NaN	NaN
0.118	2903.655	132459.133	677.237	440.204	50.793	33.862	NaN	NaN
0.091	3468.279	132877.052	850.501	563.319	11.045	0.000	NaN	NaN
0.022	2936.011	128823.109	677.541	496.863	90.339	45.169	NaN	NaN
Duration	Ch1	Ch2	Ch1+Ch2	Ch2+Ch3	Ch2+Ch6	Ch2+Ch4
1.017	3157.709	132311.952	697.450	479.067	24.593	19.674	NaN	NaN
1.001	3104.072	132986.701	751.050	450.430	24.968	27.965	NaN	NaN
1.011	2989.875	131827.388	726.706	443.933	25.707	21.752	NaN	NaN
1.014	2997.832	132744.089	690.517	415.297	31.567	18.743	NaN	NaN
1.023	3190.816	131683.025	726.563	435.156	21.513	30.314	NaN	NaN
1.024	3185.834	132535.013	739.551	462.097	17.585	32.239	NaN	NaN
1.019	3060.537	131825.749	723.935	431.614	30.409	18.638	NaN	NaN
1.006	2971.730	132740.607	682.036	379.793	25.850	27.838	NaN	NaN
1.007	3150.733	132204.650	728.086	471.815	20.859	24.832	NaN	NaN
1.010	3010.989	132268.733	676.037	465.209	27.715	27.715	NaN	NaN
1.007	3042.776	131795.701	703.096	458.800	25.820	19.861	NaN	NaN
1.009	2992.085	131856.838	657.862	445.841	28.732	24.769	NaN	NaN
1.008	2919.272	132283.130	702.531	406.833	18.853	29.768	NaN	NaN
1.003	2980.809	132659.485	651.211	446.772	30.915	20.942	NaN	NaN
1.007	2992.498	132631.626	721.299	409.332	24.838	14.903	NaN	NaN
1.020	3043.493	132731.213	723.614	436.326	30.396	22.552	NaN	NaN
1.023	3049.216	132444.863	724.421	432.111	27.374	25.418	NaN	NaN
1.008	2964.883	133006.242	681.229	424.405	35.698	21.815	NaN	NaN
1.008	3210.879	131908.826	738.760	472.013	26.774	19.832	NaN	NaN
1.001	3072.202	132565.421	711.584	418.755	26.984	21.987	NaN	NaN
1.024	3238.357	131797.702	735.591	456.203	24.422	24.422	NaN	NaN
1.015	3129.243	132023.142	736.756	427.476	20.684	23.639	NaN	NaN
1.016	3041.515	132293.616	723.233	420.164	28.536	20.664	NaN	NaN
1.006	2936.298	131709.958	713.697	407.543	27.832	24.850	NaN	NaN
1.009	3050.683	132474.755	691.805	436.095	22.796	21.805	NaN	NaN
1.004	3157.944	132192.626	733.734	434.068	25.885	24.889	NaN	NaN
1.014	3108.457	132759.020	717.184	440.965	24.662	36.500	NaN	NaN
1.003	3138.996	132500.913	718.938	470.650	23.931	27.920	NaN	NaN
1.020	3220.726	132451.867	725.742	468.790	28.441	23.538	NaN	NaN
1.025	3068.758	132306.019	719.362	433.374	27.330	17.569	NaN	NaN
1.003	3061.334	132896.960	707.535	438.472	35.875	26.906	NaN	NaN
1.024	3137.344	132491.008	717.693	459.909	33.199	25.388	NaN	NaN
1.021	3096.714	131596.167	708.827	464.067	25.455	19.581	NaN	NaN
1.009	3267.734	131373.208	737.172	458.751	23.780	18.826	NaN	NaN
1.001	3211.392	132067.733	773.372	456.629	28.976	26.978	NaN	NaN
1.020	3080.548	132077.145	745.373	413.878	32.365	26.480	NaN	NaN
1.014	3123.425	132689.859	759.406	430.001	32.546	28.601	NaN	NaN
1.012	2965.710	132434.758	710.782	453.754	16.806	18.783	NaN	NaN
1.020	3150.520	132456.143	758.713	427.389	41.170	19.605	NaN	NaN
1.007	3097.859	131473.882	738.483	429.789	24.815	22.829	NaN	NaN
1.019	3166.930	131674.415	757.629	458.307	29.442	22.572	NaN	NaN
1.002	2882.443	132825.826	699.409	384.126	35.918	21.950	NaN	NaN
1.023	2949.458	131175.612	671.397	422.189	27.364	15.637	NaN	NaN
1.009	2934.854	132022.831	667.283	425.356	12.890	29.745	NaN	NaN
1.016	3095.978	132895.884	728.986	433.850	37.384	26.562	NaN	NaN
1.023	3072.599	133083.696	714.626	457.517	35.194	24.440	NaN	NaN
1.002	3014.356	132622.700	726.640	407.238	28.946	29.944	NaN	NaN
1.012	3119.082	132109.316	749.133	408.169	22.731	29.649	NaN	NaN
1.022	3087.582	131805.703	716.585	424.861	34.263	19.579	NaN	NaN
1.022	3060.905	132280.398	719.234	440.348	32.292	31.314	NaN	NaN
1.020	3135.324	132578.420	735.071	444.963	29.403	20.582	NaN	NaN
1.020	3037.975	132422.401	735.974	404.737	24.500	25.480	NaN	NaN
1.000	3065.889	132791.892	709.743	442.840	25.991	21.992	NaN	NaN
1.021	2962.844	132060.156	714.257	388.971	28.414	21.555	NaN	NaN
1.012	3077.220	132222.633	721.378	451.602	34.587	22.728	NaN	NaN
1.023	3100.099	132110.940	735.931	427.094	30.297	17.592	NaN	NaN
1.002	3015.245	132290.401	685.918	421.336	23.962	29.953	NaN	NaN
1.004	2973.623	131937.219	702.313	432.346	22.912	21.916	NaN	NaN
1.002	2880.182	132508.320	702.824	402.327	31.947	12.978	NaN	NaN
1.021	3140.491	132619.615	719.002	459.417	31.346	19.591	NaN	NaN
1.004	3192.177	132563.003	735.277	471.255	36.863	27.897	NaN	NaN
1.015	2978.638	132156.098	688.970	415.945	19.713	25.627	NaN	NaN
1.023	3054.546	132050.216	707.677	440.832	37.143	32.256	NaN	NaN
1.001	3122.117	132621.037	726.097	444.447	18.976	14.981	NaN	NaN
1.004	2950.041	132216.183	676.030	399.246	31.860	21.904	NaN	NaN
1.003	3057.632	132045.611	744.961	418.854	26.926	22.937	NaN	NaN
1.021	3030.953	131923.786	683.335	434.672	22.517	24.475	NaN	NaN
1.024	3032.326	131788.502	698.265	406.263	29.298	27.345	NaN	NaN
1.001	3113.600	131673.912	702.008	424.400	34.951	21.969	NaN	NaN
1.019	3072.114	132344.237	691.741	449.386	19.624	23.549	NaN	NaN
1.007	3098.640	131322.111	705.365	417.258	20.863	23.843	NaN	NaN
1.015	3148.497	131782.584	724.302	444.436	29.563	26.607	NaN	NaN
1.002	3024.559	131589.267	673.343	435.928	32.919	15.961	NaN	NaN
1.001	3082.628	132648.873	710.992	446.367	33.952	25.963	NaN	NaN
1.006	3086.341	132163.810	694.029	469.315	31.818	17.898	NaN	NaN
1.002	2993.875	132512.921	702.563	419.143	25.947	19.959	NaN	NaN
1.000	3066.152	132518.335	728.798	442.877	24.993	20.994	NaN	NaN
1.010	3068.492	132557.257	723.047	465.523	28.724	24.762	NaN	NaN
1.020	2848.639	132295.594	672.228	409.608	29.398	19.598	NaN	NaN
1.005	3021.393	131335.052	742.411	419.970	21.894	18.909	NaN	NaN
1.005	3027.418	131934.516	725.505	423.958	36.823	21.895	NaN	NaN
1.018	3129.230	131520.030	717.218	466.683	32.422	22.597	NaN	NaN
1.012	3058.463	132899.889	713.246	438.617	25.685	12.842	NaN	NaN
1.013	3041.593	132435.705	712.009	450.314	30.613	19.751	NaN	NaN
1.006	3013.416	132501.857	720.556	442.272	30.810	17.890	NaN	NaN
1.002	3049.849	132608.067	699.360	449.945	22.946	16.960	NaN	NaN
1.007	2907.932	132392.850	715.309	411.303	38.746	19.870	NaN	NaN
1.008	3035.689	132390.138	705.121	456.196	28.760	25.785	NaN	NaN
1.023	3129.725	131664.450	729.161	443.752	42.029	29.323	NaN	NaN
1.000	2921.355	131594.926	691.847	438.903	30.993	21.995	NaN	NaN
1.002	2998.873	132516.056	706.321	464.895	23.943	22.945	NaN	NaN
1.002	3025.658	132339.853	690.325	429.957	25.937	25.937	NaN	NaN
1.011	3117.562	132110.648	755.653	421.346	25.716	21.760	NaN	NaN
1.002	3220.131	132129.127	721.238	475.837	33.917	22.944	NaN	NaN
1.020	3051.466	131709.049	716.551	434.243	29.407	17.644	NaN	NaN
1.002	3185.724	132338.727	744.300	484.892	37.913	18.957	NaN	NaN
1.003	3061.334	131437.976	757.608	414.691	20.934	24.921	NaN	NaN
1.025	3123.537	132322.419	733.802	430.328	29.274	35.129	NaN	NaN
1.016	3039.693	132078.981	736.299	422.289	20.671	18.703	NaN	NaN
1.003	3103.107	132178.788	731.140	424.919	37.904	21.944	NaN	NaN
1.004	3144.117	132455.125	748.694	410.189	35.842	32.855	NaN	NaN
1.006	3007.016	132346.494	696.069	442.501	34.803	30.826	NaN	NaN
1.014	3024.418	132377.430	709.772	466.281	28.588	20.702	NaN	NaN
1.010	2908.265	132076.016	666.415	434.705	17.824	25.746	NaN	NaN
1.009	3088.247	132587.544	743.082	408.199	22.788	22.788	NaN	NaN
1.014	3030.506	132593.781	729.767	436.874	17.751	25.640	NaN	NaN
1.020	3106.164	132591.724	735.129	450.879	32.346	21.564	NaN	NaN
1.003	3127.055	131834.064	700.221	463.822	19.949	30.921	NaN	NaN
1.006	3060.546	132420.813	718.900	455.403	29.830	20.881	NaN	NaN
1.019	2965.867	131442.931	672.054	423.835	21.584	30.414	NaN	NaN
1.005	2930.235	131785.959	690.521	435.804	33.830	26.865	NaN	NaN
1.001	2987.129	132383.757	704.323	436.580	30.970	24.976	NaN	NaN
1.009	2915.747	132197.061	691.015	415.402	29.742	23.794	NaN	NaN
1.000	2951.783	131631.724	683.718	426.824	26.989	31.987	NaN	NaN
1.022	2911.542	132060.953	679.718	420.545	24.450	21.516	NaN	NaN
1.013	2867.145	131536.319	657.321	434.266	31.583	20.726	NaN	NaN
1.010	2940.291	132314.072	681.878	434.462	23.752	29.690	NaN	NaN
1.004	2979.958	131615.122	691.207	459.145	27.887	21.911	NaN	NaN
1.008	3092.479	132304.147	725.017	436.399	31.738	24.795	NaN	NaN
1.008	3103.699	132223.531	707.009	474.975	31.731	23.798	NaN	NaN
1.019	2866.612	132536.174	652.395	430.679	24.526	21.583	NaN	NaN
1.004	3081.288	132228.400	747.160	445.307	29.886	16.936	NaN	NaN
1.009	3227.465	132174.491	733.064	490.361	31.700	27.738	NaN	NaN
1.005	3059.038	132667.112	699.578	437.858	23.883	24.878	NaN	NaN
1.008	3147.817	132040.590	741.305	422.752	24.809	25.802	NaN	NaN
1.010	3004.857	131449.117	677.430	465.485	24.760	26.741	NaN	NaN
1.001	3117.138	131845.963	704.353	436.599	31.971	29.972	NaN	NaN
1.013	2963.066	131708.820	692.139	424.565	33.570	17.772	NaN	NaN
1.012	3067.333	132202.542	685.581	472.201	31.612	15.806	NaN	NaN
1.006	3117.179	131645.372	732.810	432.527	26.847	21.875	NaN	NaN
1.011	2977.329	131317.108	697.579	421.516	22.758	27.705	NaN	NaN
1.021	3018.083	132113.122	698.213	446.543	32.316	15.668	NaN	NaN
1.011	3096.409	131628.517	720.946	423.271	34.613	21.757	NaN	NaN
1.008	3101.278	132068.618	696.225	462.167	38.679	24.794	NaN	NaN
1.018	3006.829	130990.506	710.955	403.595	31.423	22.586	NaN	NaN
1.024	3011.913	131519.892	715.122	429.855	28.331	25.401	NaN	NaN
1.012	3151.847	132571.229	751.898	465.367	28.653	23.713	NaN	NaN
1.014	3106.524	131925.700	708.090	439.844	29.586	23.669	NaN	NaN
1.015	3022.985	131827.568	697.839	430.729	30.555	13.799	NaN	NaN
1.003	3001.839	131890.429	713.061	427.837	22.938	22.938	NaN	NaN
1.004	3168.526	132211.252	726.370	421.474	22.917	24.910	NaN	NaN
1.010	3054.591	131829.439	691.886	418.695	28.705	25.735	NaN	NaN
1.006	3121.845	131956.074	689.548	436.184	29.808	26.827	NaN	NaN
1.021	3194.100	132124.035	709.364	435.025	32.333	24.495	NaN	NaN
1.021	3195.149	131595.497	749.093	442.601	24.480	30.355	NaN	NaN
1.017	3186.672	131652.505	740.378	446.390	25.564	22.614	NaN	NaN
1.004	3117.546	131981.743	724.107	445.221	31.873	18.924	NaN	NaN
1.003	3163.580	132280.287	746.541	450.516	27.908	16.944	NaN	NaN
1.014	3049.413	131292.416	710.083	423.091	18.738	24.656	NaN	NaN
1.008	3038.515	132359.996	693.639	447.541	27.785	21.831	NaN	NaN
1.006	3094.200	131116.989	687.600	409.380	30.803	26.828	NaN	NaN
1.002	3283.923	132454.235	701.275	450.891	23.941	31.921	NaN	NaN
1.008	3098.157	132353.967	659.499	434.377	18.843	19.835	NaN	NaN
1.018	3190.126	131974.404	710.881	418.281	24.547	27.493	NaN	NaN
1.004	3240.725	131891.027	704.895	436.079	24.890	27.877	NaN	NaN
1.005	3237.170	131408.003	720.698	431.025	29.863	23.891	NaN	NaN
1.005	3151.854	132363.945	702.180	400.820	40.778	24.865	NaN	NaN
1.012	3250.502	131474.316	685.097	432.016	37.567	26.692	NaN	NaN
1.013	3266.480	131260.371	716.671	399.796	28.627	28.627	NaN	NaN
1.011	3284.355	131755.187	684.777	427.491	30.676	23.749	NaN	NaN
1.009	3409.673	132411.430	746.145	451.849	26.754	23.782	NaN	NaN
1.001	3172.274	131920.062	722.152	430.494	31.962	25.969	NaN	NaN
1.024	3130.279	132624.212	681.727	440.485	27.347	21.487	NaN	NaN
1.004	3198.740	131490.145	673.629	476.323	26.905	30.891	NaN	NaN
1.001	3268.975	132236.645	729.325	445.588	24.977	21.980	NaN	NaN
1.014	3208.871	132022.248	710.014	405.300	26.626	23.667	NaN	NaN
1.017	3237.034	131704.597	719.778	417.904	23.599	26.549	NaN	NaN
1.007	3185.637	131136.593	683.417	421.176	32.780	22.847	NaN	NaN
1.007	3225.834	132959.579	703.385	432.164	36.759	24.837	NaN	NaN
1.025	3144.416	131810.906	676.869	417.435	21.457	22.432	NaN	NaN
1.003	3146.786	131428.161	706.930	449.683	23.930	22.933	NaN	NaN
1.008	3345.959	131755.181	737.043	451.352	32.735	27.776	NaN	NaN
1.000	3147.023	131999.031	702.782	415.871	26.992	17.994	NaN	NaN
1.000	3048.811	132134.485	631.754	429.832	20.992	17.993	NaN	NaN
1.024	3211.427	132304.335	673.931	463.938	26.371	24.418	NaN	NaN
1.006	3190.353	132124.740	653.182	456.333	25.849	27.837	NaN	NaN
1.023	3210.389	131626.923	658.115	429.291	24.447	26.403	NaN	NaN
1.008	3327.902	131900.245	730.491	426.781	25.805	26.798	NaN	NaN
1.010	3013.555	131871.958	670.009	399.828	27.711	13.855	NaN	NaN
1.003	3345.503	131741.628	744.663	420.680	23.925	17.944	NaN	NaN
1.011	3363.230	132121.260	737.715	446.980	29.667	23.733	NaN	NaN
1.012	3319.206	131525.143	704.553	457.515	37.550	20.751	NaN	NaN
1.013	3235.856	132379.960	699.671	409.540	28.618	42.434	NaN	NaN
1.012	3314.423	132015.786	706.352	434.678	29.637	21.734	NaN	NaN
1.004	3184.397	132421.924	721.146	412.368	23.905	19.921	NaN	NaN
1.013	3281.919	131980.734	725.695	447.265	19.747	28.633	NaN	NaN
1.016	3324.583	132049.601	758.583	423.075	24.597	26.565	NaN	NaN
1.018	3171.637	131486.435	706.990	435.977	23.566	31.422	NaN	NaN
1.014	3219.179	132149.142	712.304	442.970	33.543	25.651	NaN	NaN
1.013	3103.860	132538.984	742.399	418.587	11.847	17.770	NaN	NaN
1.003	3198.406	131749.006	733.030	410.896	22.938	24.933	NaN	NaN
1.014	3259.954	132010.368	724.215	439.068	25.653	14.800	NaN	NaN
1.011	3276.690	132020.318	690.558	454.106	27.701	26.712	NaN	NaN
1.016	3465.432	131672.619	726.559	460.745	40.364	16.736	NaN	NaN
1.002	3235.558	132080.200	682.430	467.924	27.936	22.947	NaN	NaN
1.001	3280.482	131861.800	739.433	454.651	31.975	18.985	NaN	NaN
1.002	3036.826	131678.913	658.444	412.027	20.951	34.918	NaN	NaN
1.011	3317.848	132273.971	721.701	420.168	18.784	32.625	NaN	NaN
1.018	3151.537	131387.351	710.053	402.658	32.409	29.463	NaN	NaN
1.002	3020.116	132173.717	652.513	424.033	26.939	15.964	NaN	NaN
1.001	3078.358	131438.491	709.161	410.514	22.973	21.974	NaN	NaN
1.002	3104.676	132370.003	707.786	419.281	34.940	22.961	NaN	NaN
1.013	3360.879	132576.108	738.091	445.025	23.682	19.735	NaN	NaN
1.005	3366.367	131674.307	752.061	420.796	31.833	27.854	NaN	NaN
1.017	3432.669	131198.333	740.206	446.286	34.405	28.507	NaN	NaN
1.006	3331.617	132195.523	745.217	409.373	32.790	24.841	NaN	NaN
1.003	3341.847	132776.893	728.569	433.553	19.933	24.917	NaN	NaN
1.022	3417.029	132468.597	666.379	442.296	38.163	12.721	NaN	NaN
1.011	3490.875	132012.427	772.344	429.190	30.656	14.834	NaN	NaN
1.018	3307.651	132610.466	745.400	429.170	22.588	24.552	NaN	NaN
1.002	3234.119	132398.349	694.308	439.928	32.920	20.949	NaN	NaN
1.014	3224.567	132538.476	694.992	426.853	33.517	28.588	NaN	NaN
1.024	3266.818	132670.509	716.082	419.098	19.538	22.469	NaN	NaN
1.022	3290.324	131495.519	716.394	407.131	34.254	29.360	NaN	NaN
1.004	3108.524	131949.436	668.318	420.313	34.860	20.916	NaN	NaN
1.017	3323.297	131801.525	717.541	436.422	28.505	20.642	NaN	NaN
1.003	3024.386	131833.530	633.197	419.804	29.915	12.963	NaN	NaN
1.001	3204.013	132542.790	710.559	443.725	21.986	17.989	NaN	NaN
1.004	3336.035	131799.255	761.811	421.237	27.883	26.887	NaN	NaN
1.004	3130.428	132224.218	712.367	410.483	33.875	24.908	NaN	NaN
1.007	3318.826	131253.072	737.075	418.206	26.821	20.861	NaN	NaN
1.005	3302.026	132217.308	710.135	426.677	24.865	19.892	NaN	NaN
1.006	3234.615	131632.437	683.691	428.301	29.812	21.862	NaN	NaN
1.012	3235.688	131750.309	707.405	427.802	26.676	27.664	NaN	NaN
1.009	3312.358	132335.680	686.068	467.954	26.769	29.743	NaN	NaN
1.006	3137.504	132714.621	685.956	419.527	22.865	25.848	NaN	NaN
1.002	3085.339	131635.471	658.791	429.212	21.960	22.958	NaN	NaN
1.020	3060.164	131730.145	644.967	437.166	28.426	24.505	NaN	NaN
1.019	3123.177	131692.475	692.731	415.050	19.624	16.680	NaN	NaN
1.014	3130.095	132018.237	692.290	399.398	23.668	21.696	NaN	NaN
1.000	3261.599	131501.821	701.914	421.948	28.996	28.996	NaN	NaN
1.004	3208.778	131999.235	724.241	434.346	29.886	20.920	NaN	NaN
1.020	3325.265	131475.955	694.275	447.160	24.515	28.438	NaN	NaN
1.021	3315.235	132145.162	706.140	453.458	24.485	31.340	NaN	NaN
1.016	3211.914	131745.597	675.467	423.398	27.570	24.616	NaN	NaN
1.018	2949.234	131299.862	642.505	454.862	29.473	18.666	NaN	NaN
1.006	2914.105	132393.562	692.510	375.565	32.787	24.839	NaN	NaN
1.024	3170.171	132413.509	725.867	455.254	26.377	28.331	NaN	NaN
1.022	3044.116	132010.151	720.923	396.165	32.280	25.433	NaN	NaN
1.002	3167.250	132758.143	722.233	460.872	32.919	29.927	NaN	NaN
1.024	3184.079	132329.211	728.403	441.338	24.410	29.292	NaN	NaN
1.004	3183.293	132364.050	701.977	442.096	25.889	29.871	NaN	NaN
1.002	3039.332	132313.717	701.461	428.061	21.952	22.950	NaN	NaN
1.014	3136.243	132375.873	665.503	443.668	34.508	21.690	NaN	NaN
1.005	3090.963	132211.809	673.722	452.797	29.855	25.874	NaN	NaN
1.004	3001.884	131681.665	671.068	439.082	37.835	24.891	NaN	NaN
1.001	3193.251	132575.818	686.978	493.266	34.948	16.975	NaN	NaN
1.000	3216.111	132361.407	706.805	475.868	28.992	20.994	NaN	NaN
1.001	3166.020	132154.370	739.538	406.746	26.983	27.983	NaN	NaN
1.005	3145.581	131377.036	739.376	410.985	25.873	29.854	NaN	NaN
1.003	3091.042	131939.630	687.009	407.818	17.948	30.910	NaN	NaN
1.002	3251.475	131539.563	728.314	429.007	38.910	21.949	NaN	NaN
1.004	3147.328	131336.212	722.093	423.296	21.912	18.924	NaN	NaN
1.003	3053.372	131473.446	669.888	449.582	29.906	22.928	NaN	NaN
1.023	3131.105	131881.904	730.461	412.657	24.446	24.446	NaN	NaN
1.008	3149.310	132056.836	736.756	412.504	27.765	25.782	NaN	NaN
1.021	3074.071	132202.686	639.289	451.321	29.370	20.559	NaN	NaN
1.022	3221.025	132456.469	716.436	436.517	41.107	23.490	NaN	NaN
1.022	3100.682	131182.931	705.679	424.778	27.405	19.575	NaN	NaN
1.007	3105.521	131875.424	695.962	446.766	28.792	17.871	NaN	NaN
1.022	2964.814	132543.543	692.018	408.164	26.428	30.343	NaN	NaN
1.013	3135.514	131623.509	694.807	461.889	24.674	24.674	NaN	NaN
1.009	3107.380	131981.358	707.935	434.280	27.762	17.847	NaN	NaN
1.011	3072.163	132131.697	660.723	465.869	30.662	22.749	NaN	NaN
0.022	2924.115	135605.827	548.272	502.582	0.000	0.000	NaN	NaN
0.022	3291.301	136360.416	502.838	594.263	137.138	0.000	NaN	NaN
